"Estimate","Std. Error","z value","Pr(>|z|)"
"(Intercept)",0.0433611517255799,0.368297288112402,0.117734105368559,0.906278342526055
"DomainEur. pol.",0.398264680705385,0.187784580351256,2.12085933765393,0.0339336414298725
"Domainhealth",0.386274455148869,0.109844533934842,3.51655600248622,0.000437184420712795
"Domainliving cond. and 
background var.",0.418995392128891,0.0528276542944224,7.93136469383477,2.16750669630612e-15
"Domainother bel.",0.160506083475231,0.0653028400599572,2.45787293979655,0.0139762612581252
"Domainwork",0.645824342869899,0.111398993420317,5.7973983699579,6.73515708186530e-09
"Domainint. pol.",-0.165646163131401,0.333234377974996,-0.497086057381,0.619128366296174
"Domainfamily",0.905808678164361,0.23890935325918,3.79143246510612,0.000149780879831512
"Domainpers. rel.",0.71507940817398,0.0707185287767543,10.1116273279858,4.90624656859704e-24
"Domaincon. beh.",0.00786380256628491,0.179092873497311,0.0439090758483082,0.964976880799122
"Domainleis. act.",0.259448954626723,0.0530315330423532,4.89235252579849,9.96377705910007e-07
"ConceptEval. belief",-0.0587286219699712,0.0314224682429049,-1.86900091730483,0.0616226867588266
"ConceptImportance of sth",-1.14774015458505,0.197434634800084,-5.81326653121024,6.12653970729874e-09
"ConceptExp. of future",-0.770787319273405,0.270299783964895,-2.85160168449676,0.00434995708446395
"ConceptComplex con.",0.185163180066177,0.15255393140332,1.21375554443527,0.224841086918304
"ConceptAll other con.",-0.119331643038662,0.0518914215543135,-2.2996410478707,0.0214685645408931
"Social.DesirabilityA bit",-0.00565152587748708,0.0170785871674153,-0.330912962652425,0.740710230304665
"Social.DesirabilityA lot",-0.0338319349131532,0.0235917093254072,-1.43406034918877,0.151555041758727
"CentralityA bit",0.106976023242016,0.0255232672975979,4.19131383120704,2.77343712488646e-05
"CentralityRather",0.10200690103425,0.025391395138491,4.01738071019252,5.88486084887341e-05
"CentralityCentral",0.0843195421777488,0.0269155894565553,3.13273994291857,0.00173182810572264
"CentralityVery",0.118546782888147,0.0308301528061999,3.84515716264328,0.000120475197512745
"Reference.periodFuture",0.945646244766004,0.357076891495749,2.64829863619798,0.008089802699879
"Reference.periodPresent",0.36005486796912,0.340403795280509,1.05772871207978,0.29017914135968
"Formulation.of.the.request.for.an.answer..basic.choiceIndirect",0.695962304590572,0.320700018994788,2.17013490292897,0.0299966277749584
"Formulation.of.the.request.for.an.answer..basic.choiceDirect",0.865134536685749,0.321492606153583,2.69099357225173,0.00712395674256952
"WH.word.used.in.the.request_usedused_j",-0.019262573159184,0.0221848052704434,-0.868277765991814,0.385242290903469
"Request.for.an.answer.type_Declar.Declar._j",-1.12217726306927,0.224185446942036,-5.00557586755135,5.56952705591739e-07
"Request.for.an.answer.type_Imper.Imper._j",-0.959161116413538,0.217575957784029,-4.40839661781759,1.04138708958944e-05
"Request.for.an.answer.type_Inter.Inter._j",-0.853883110390857,0.217371087583259,-3.92822762164171,8.55741980302518e-05
"Use.of.gradation_NoNo_j",0.175823064255661,0.238542763156612,0.737071466470048,0.461078890007838
"Use.of.gradation_YesYes_j",0.13057521711492,0.235323003584203,0.554876553189148,0.578979100407674
"Balance.of.the.request_BalancedBalanced_j",0.0175140735999404,0.0228025479042574,0.7680752902473,0.442442456060672
"Presence.of.encouragement.to.answer_YesYes_j",0.0763282367227547,0.0183287761176453,4.16439353248867,3.12181258622662e-05
"Emphasis.on.subjective.opinion.in.request_YesYes_j",0.0887540204063033,0.0170210033917589,5.21438239353595,1.84430666888132e-07
"Use.of.stimulus.or.statement.in.the.requestYes",-0.128114897034098,0.02735072939277,-4.68414919376755,2.81125192634128e-06
"Absolute.or.comparative.judgmentcomparative",-0.376995417856593,0.0497877903450581,-7.57204558072967,3.67392501080711e-14
"Response.scale..basic.choice2",-0.78577263967368,0.0807294096934513,-9.73341242872264,2.17182351314655e-22
"Response.scale..basic.choiceopen-ended",-0.198259133811182,0.0834070276177071,-2.37700754329594,0.0174537311936706
"Response.scale..basic.choiceMagnitude",-0.21516619819162,0.0645785862184473,-3.33185055280996,0.000862705708915692
"Response.scale..basic.choiceLine prod.",0.14107070365184,0.0756817697523936,1.8639984782779,0.0623219180345906
"Response.scale..basic.choiceMore steps proc.",0.329748895089293,0.172094199840121,1.91609534426865,0.0553529608150988
"Number.of.categories",0.0198330676159279,0.00348956289795729,5.68353922708708,1.31935444800004e-08
"Theoretical.range.of.the.concept.bipolar.unipolar_unipolarunipolar_j",-0.24274112163707,0.0599265881061443,-4.05064144828531,5.10774226013372e-05
"Range.of.the.used.scale.bipolar.unipolar_UnipolarUnipolar_j",-0.329547396829915,0.0586140850896795,-5.62232433255091,1.88405115192793e-08
"Symmetry.of.response.scale_SymmetricSymmetric_j",-0.175014366712094,0.0567572602134456,-3.08355910863071,0.00204540473220756
"Neutral.category_PresentPresent_j",-0.074580489075341,0.02792946175789,-2.67031601689468,0.00757798883766944
"Number.of.fixed.reference.points",-0.0407117742899679,0.00673713644598064,-6.04288997505112,1.5137788880796e-09
"Don.t.know.optionpresent",0.0772892320754406,0.0596758486004662,1.29515095114771,0.195268161268703
"Don.t.know.optiononly registered",0.308746851868371,0.0455530916780139,6.7777364937315,1.22073230211145e-11
"Interviewer.instructionPresent",0.0187849121944505,0.0190608005605827,0.985525877296953,0.32436582692423
"Respondent.instructionPresent",-0.0172649942415808,0.0176236286338806,-0.9796503660086,0.327258734197392
"Extra.information.or.definitionPresent",0.21596343954782,0.0362819952880784,5.95235840347461,2.64305778474605e-09
"Knowledge.provided_DefinitionsDefinitions_j",0.175094737876006,0.0359921585891663,4.86480235527495,1.14571238487125e-06
"Knowledge.provided_OtherOther_j",-0.0261311556937829,0.043883152081449,-0.595471256150479,0.551528507186718
"Knowledge.provided_NoNo_j",-0.225957224412458,0.0759751393969143,-2.97409423932739,0.00293854811169318
"Knowledge.provided_def..and.otherdef..and.other_j",0.151467780200887,0.121533933416715,1.24630032076338,0.212654160160994
"Introduction.available.Yes",0.150935215453232,0.0305422589249062,4.94184846721173,7.73853530828634e-07
"Request.present.in.the.introduction_presentpresent_j",-0.360341682072523,0.0378753500639694,-9.51388387074774,1.83673942712336e-21
"Number.of.sentences.in.introduction",-0.0285157784889978,0.0136036899947282,-2.09617967625316,0.0360662551314381
"Number.of.words.in.introduction",4.75866016144454e-05,0.00140504885878543,0.0338682895736316,0.972982179928574
"Number.of.sentences.in.the.request",-0.0022161093385954,0.0119950534360475,-0.184751935488304,0.853423608672351
"Number.of.words.in.request",-0.00957836500574756,0.00148812650331145,-6.43652605099994,1.22238863722216e-10
"Total.number.of.nouns.in.request.for.an.answer",0.0458285735659246,0.0062734557649616,7.30515608667962,2.76945062226946e-13
"Total.number.of.abstract.nouns.in.request.for.an.answer",-0.02756214485234,0.0057196339878668,-4.81886514256127,1.44377097225329e-06
"Total.number.of.syllables.in.request",-0.00310548854147387,0.000751034969701729,-4.13494533111715,3.55039143259663e-05
"Number.of.subordinate.clauses.in.request",0.000992579573117585,0.00535626539585998,0.185311873060804,0.852984425958228
"Number.of.syllables.in.answer.scale",-0.00224071515042873,0.000632422098156338,-3.54306903089084,0.000395499161014203
"Total.number.of.nouns.in.answer.scale",0.0364414566564171,0.0114408272755449,3.18521167908127,0.00144648160610429
"Total.number.of.abstract.nouns.in.answer.scale",-0.0195932621895138,0.0118941197490844,-1.64730661897213,0.0994950380995739
"Showcard.or.other.visual.aids.usedUsed",-0.244620214471496,0.241048818680921,-1.01481606842182,0.310193512721663
"Horizontal.or.vertical.scale_HorizontalHorizontal_j",0.0785055497203385,0.242993606403346,0.323076606345052,0.746637226478942
"Horizontal.or.vertical.scale_VerticalVertical_j",0.134895036992356,0.241635970359122,0.558257269362146,0.576668719218582
"Overlap.of.scale.labels.and.categories_clearly.connectedclearly.connected_j",-0.021194242165013,0.0167826569901113,-1.26286571771688,0.206637442132113
"Numbers.or.letters.before.the.answer.categories_NumbersNumbers_j",0.160137001869887,0.0374916254492336,4.27127391653701,1.94359503084158e-05
"Scale.with.only.numbers.or.numbers.in.boxes_Numbers.in.boxesNumbers.in.boxes_j",-0.108697121683134,0.0587584139248558,-1.84989883869471,0.0643281313091393
"Scale.with.only.numbers.or.numbers.in.boxes_Only.numbersOnly.numbers_j",-0.0494322622176363,0.025222689217599,-1.9598331403594,0.0500152963557902
"Start.of.the.response.sentence.on.the.visual.aid_YesYes_j",0.806404724100497,0.0453275584580255,17.7906057933221,8.35715053700604e-71
"Request.on.the.visual.aid_YesYes_j",-0.00591156021514418,0.0690026677643488,-0.085671473389011,0.931727579669635
"Computer.assistedYes",0.00498453671357277,0.01815745373665,0.274517384753772,0.783687045493279
"InterviewerYes",0.209573240914147,0.0297168035397122,7.05234803043614,1.75923506899688e-12
"Visual.or.oral.presentationVisual",0.0648326725600892,0.0540562214812524,1.19935635128649,0.230389412197682
"Position",0.000952897023653412,6.72090162864693e-05,14.1781129423442,1.25167272926638e-45
